29001950100 -92.47848 40.204786 -92.460652 40.214765
29001950200 -92.740307 40.157201 -92.712437 40.176798
29001950300 -92.621622 40.224111 -92.606584 40.238735
29001950400 -92.574397 40.209565 -92.553062 40.225113
29001950500 -92.661723 40.146564 -92.60725 40.188256
29001950900 -92.574387 40.194702 -92.573406 40.19556
29001951000 -92.583148 40.182633 -92.578961 40.186382
29003010100 -94.76185 39.824408 -94.742073 39.859372
29003010200 -94.831808 39.950671 -94.812433 39.975321
29003010300 -94.974142 39.98868 -94.945549 40.024912
29003010400 -94.7285 40.010204 -94.691557 40.037616
29005950100 -95.330348 40.408217 -95.311137 40.422929
29005950200 -95.576877 40.437725 -95.535598 40.453921
29007950100 -91.499568 39.298823 -91.49084 39.307012
29007950200 -91.721747 39.207657 -91.702657 39.217963
29007950300 -92.093659 39.224821 -92.085761 39.229983
29007950400 -91.859018 39.177609 -91.83811 39.192469
29007950500 -91.919399 39.186972 -91.890978 39.228198
29007950600 -91.958492 39.145813 -91.916537 39.169705
29007950700 -91.869597 39.140308 -91.859922 39.147276
29009960100 -93.735795 36.738956 -93.685474 36.762334
29009960200 -93.949772 36.816157 -93.92448 36.827363
29009960300 -93.937188 36.896152 -93.924739 36.914044
29009960401 -93.940694 36.546134 -93.919003 36.571792
29009960402 -93.994167 36.683958 -93.965114 36.696743
29009960500 -93.856397 36.641965 -93.847397 36.655824
29009960600 -93.651193 36.520203 -93.623114 36.544038
29011960100 -94.188341 37.492593 -94.169167 37.499192
29011960200 -94.462527 37.504922 -94.443445 37.51998
29011960300 -94.278095 37.486991 -94.27635 37.488374
29013070100 -94.236518 38.340271 -94.222773 38.348675
29013070200 -94.51469 38.252637 -94.495757 38.267624
29013070300 -94.337133 38.260087 -94.33549 38.260617
29013070400 -94.221365 38.122392 -94.202068 38.137476
29015460100 -93.204022 38.429975 -93.17237 38.453065
29015460200 -93.419408 38.428835 -93.380445 38.451907
29015460300 -93.405238 38.312715 -93.388092 38.327505
29015460400 -93.210627 38.271058 -93.137615 38.33839
29015460700 -93.494678 38.099229 -93.38347 38.191251
29015460800 -93.223817 38.138355 -93.173148 38.190895
29017950100 -90.028067 37.463771 -89.996426 37.483251
29017950200 -89.989172 37.304031 -89.977431 37.313587
29017950300 -90.086421 37.152254 -90.052074 37.1839
29019000200 -92.31659 38.95387 -92.31435 38.95662
29019000300 -92.31723 38.941486 -92.311371 38.94638
29019000500 -92.33094 38.94421 -92.32754 38.94855
29019000600 -92.35419 38.94497 -92.35294 38.94721
29019000700 -92.35277 38.95738 -92.3508 38.95849
29019000900 -92.33029 38.96405 -92.32464 38.968099
29019001001 -92.307669 38.940388 -92.297262 38.947646
29019001002 -92.276146 38.924794 -92.25694 38.934418
29019001101 -92.31349 38.895868 -92.30407 38.90745
29019001103 -92.36391 38.91659 -92.35791 38.920878
29019001104 -92.382434 38.881099 -92.372975 38.896333
29019001201 -92.394092 38.940669 -92.385447 38.947226
29019001202 -92.38106 38.92878 -92.37681 38.93554
29019001300 -92.38975 38.96003 -92.3748 38.96927
29019001400 -92.37044 38.98745 -92.350875 38.99545
29019001502 -92.28523 38.98113 -92.25722 39.02118
29019001503 -92.30218 39.010354 -92.296288 39.01852
29019001504 -92.31048 38.984957 -92.30867 38.98543
29019001601 -92.227009 38.986228 -92.20231 39.008483
29019001602 -92.20023 38.917454 -92.173029 38.94817
29019001701 -92.2539 38.713104 -92.204313 38.774127
29019001702 -92.35191 38.82035 -92.324436 38.834547
29019001803 -92.482289 38.99559 -92.44486 39.020357
29019001805 -92.459369 38.928499 -92.44988 38.937711
29019001901 -92.4126 39.1357 -92.392529 39.161293
29019001902 -92.240589 39.121745 -92.231108 39.13344
29019002000 -92.1674 39.18894 -92.15258 39.19756
29019002100 -92.33413 38.95461 -92.3317 38.95739
29019002200 -92.3223 38.936735 -92.320183 38.938865
29021000100 -94.791631 39.806749 -94.791032 39.807164
29021000200 -94.829482 39.806544 -94.827063 39.811074
29021000300 -94.884652 39.772141 -94.871837 39.795804
29021000400 -94.866275 39.774558 -94.862267 39.778689
29021000500 -94.840858 39.787654 -94.838597 39.78816
29021000600 -94.816974 39.776909 -94.806099 39.785985
29021000701 -94.79249 39.75951 -94.780801 39.769893
29021000702 -94.791792 39.785167 -94.787333 39.78798
29021000900 -94.826674 39.767524 -94.824706 39.767935
29021001000 -94.840565 39.76667 -94.839932 39.767485
29021001100 -94.839083 39.77684 -94.837276 39.777833
29021001200 -94.85306 39.769819 -94.851478 39.772345
29021001500 -94.827001 39.754345 -94.824611 39.754787
29021001600 -94.81063 39.75428 -94.808365 39.754741
29021001700 -94.787221 39.72387 -94.76809 39.741073
29021001800 -94.822268 39.73353 -94.815203 39.740777
29021002100 -94.843658 39.722427 -94.833954 39.728518
29021002200 -94.796254 39.708768 -94.788535 39.719082
29021002300 -94.859749 39.704558 -94.843381 39.711303
29021002400 -94.8637 39.715435 -94.862216 39.715884
29021002500 -94.878054 39.697463 -94.869967 39.704881
29021002700 -94.701779 39.6819 -94.665141 39.69948
29021002800 -94.801874 39.599772 -94.788779 39.617449
29021002900 -94.975126 39.59964 -94.960093 39.618091
29021003000 -94.855422 39.742195 -94.854251 39.743361
29023950100 -90.361219 36.853574 -90.353726 36.860925
29023950201 -90.570906 36.802884 -90.524502 36.84617
29023950202 -90.55563 36.70093 -90.533066 36.719719
29023950300 -90.427833 36.778279 -90.420587 36.784811
29023950400 -90.400862 36.777374 -90.387048 36.783174
29023950500 -90.378192 36.754427 -90.353355 36.765933
29023950600 -90.265111 36.639113 -90.24235 36.65029
29023950700 -90.400578 36.730433 -90.39794 36.733446
29023950800 -90.436594 36.736893 -90.414695 36.748479
29023950900 -90.447885 36.59338 -90.424731 36.614482
29025950100 -93.870242 39.651149 -93.860893 39.666641
29025950200 -94.0942 39.641128 -94.07553 39.65583
29027070100 -91.893732 38.988453 -91.874711 39.003399
29027070200 -91.764884 38.828414 -91.760507 38.837783
29027070300 -91.926179 38.847706 -91.921114 38.855094
29027070400 -91.970015 38.845837 -91.959623 38.851704
29027070500 -92.058393 38.86663 -92.020608 38.897423
29027070600 -92.031563 38.739418 -92.008126 38.748356
29027070700 -92.049648 38.62356 -92.003228 38.660249
29027070800 -92.169121 38.626649 -92.144288 38.655489
29029950100 -92.708964 38.19754 -92.700502 38.201576
29029950200 -92.684626 38.122723 -92.655222 38.139709
29029950300 -92.851017 38.02138 -92.826143 38.048571
29029950400 -92.778647 38.029542 -92.759813 38.064699
29029950500 -92.768894 38.001642 -92.747226 38.018344
29029950600 -92.691126 38.050811 -92.62645 38.085866
29029950700 -92.997506 38.132794 -92.951792 38.158025
29029950800 -92.897165 37.96953 -92.866343 37.983476
29029950900 -92.564477 37.92067 -92.518822 37.95102
29029951100 -92.767692 38.096935 -92.75309 38.11194
29029951200 -92.869013 38.14891 -92.833588 38.192983
29031880100 -89.670289 37.52293 -89.667849 37.527289
29031880200 -89.780221 37.412054 -89.762697 37.433188
29031880300 -89.779948 37.252945 -89.745362 37.276711
29031880400 -89.678108 37.388788 -89.666615 37.393582
29031880500 -89.643301 37.36473 -89.629428 37.378409
29031880600 -89.528376 37.390701 -89.486877 37.414913
29031880700 -89.54612 37.34 -89.542413 37.342697
29031880800 -89.533552 37.308424 -89.529129 37.311861
29031880900 -89.511755 37.321216 -89.510297 37.322829
29031881000 -89.522323 37.305045 -89.520661 37.306286
29031881100 -89.545541 37.312884 -89.543689 37.315028
29031881200 -89.575535 37.333356 -89.567182 37.343634
29031881300 -89.58346 37.318953 -89.57352 37.32388
29031881400 -89.537035 37.262379 -89.531445 37.274595
29031881500 -89.633162 37.258271 -89.60222 37.284386
29031881600 -89.544934 37.296801 -89.543307 37.298126
29033960100 -93.379691 39.428372 -93.346724 39.442871
29033960200 -93.645122 39.416657 -93.620879 39.438604
29033960300 -93.495943 39.351363 -93.491322 39.354046
29035960100 -90.833108 36.914048 -90.813154 36.943127
29035960200 -91.097562 36.940324 -91.077755 36.951466
29037060001 -94.585888 38.8168 -94.564921 38.8462
29037060003 -94.503733 38.821438 -94.502944 38.8238
29037060004 -94.515768 38.830372 -94.51443 38.832361
29037060100 -94.555046 38.829869 -94.544456 38.835372
29037060202 -94.579211 38.794778 -94.56675 38.8168
29037060301 -94.476376 38.816109 -94.474048 38.821992
29037060302 -94.439564 38.781293 -94.420716 38.79634
29037060305 -94.497463 38.768082 -94.467241 38.798536
29037060400 -94.365405 38.778756 -94.336962 38.803168
29037060500 -94.203325 38.748106 -94.187795 38.767796
29037060600 -94.266613 38.792003 -94.263282 38.793299
29037060700 -94.20981 38.619873 -94.19037 38.636183
29037060800 -94.422671 38.604132 -94.399356 38.619262
29037060904 -94.349811 38.662389 -94.346934 38.664704
29037061001 -94.554389 38.702133 -94.53265 38.7285
29037061002 -94.449175 38.705996 -94.439296 38.714738
29037061100 -94.526529 38.562595 -94.507385 38.577633
29037061200 -94.227221 38.49442 -94.205271 38.513053
29037061300 -94.51386 38.784267 -94.503031 38.799123
29037061400 -94.352081 38.643105 -94.350448 38.645642
29039870100 -93.879926 37.702311 -93.825519 37.749646
29039870200 -94.018559 37.859155 -94.012313 37.862983
29039870300 -93.836081 37.610789 -93.815206 37.653382
29041470100 -92.991383 39.614934 -92.972329 39.629912
29041470200 -93.048173 39.430846 -93.037581 39.441114
29041470300 -92.817136 39.40506 -92.798505 39.412811
29043020101 -93.555448 37.024259 -93.536913 37.060683
29043020102 -93.44572 37.037372 -93.408868 37.054336
29043020201 -93.362988 37.043904 -93.340036 37.058878
29043020202 -93.312336 37.065486 -93.307649 37.070127
29043020203 -93.279781 37.06754 -93.275146 37.071685
29043020204 -93.293549 37.016205 -93.281512 37.032534
29043020205 -93.327249 36.979827 -93.296726 37.014251
29043020302 -93.181202 37.017675 -93.139661 37.042112
29043020303 -93.230408 36.964177 -93.206214 36.975527
29043020304 -93.246573 37.004917 -93.229514 37.017791
29043020305 -93.24664 37.057966 -93.237322 37.070071
29043020306 -93.205954 37.044235 -93.186333 37.062291
29043020400 -93.045073 37.013265 -93.031365 37.030067
29043020500 -93.155941 36.855762 -93.088697 36.915158
29045950100 -91.829084 40.421977 -91.804667 40.444229
29045950200 -91.591558 40.343775 -91.587155 40.347675
29045950300 -91.718104 40.422962 -91.717425 40.423339
29047020201 -94.573031 39.152219 -94.559645 39.166747
29047020202 -94.591933 39.173243 -94.586536 39.174131
29047020300 -94.576566 39.188369 -94.566837 39.195665
29047020400 -94.552469 39.177393 -94.551213 39.180921
29047020500 -94.547082 39.161103 -94.542064 39.163428
29047020602 -94.516723 39.154513 -94.493908 39.170459
29047020603 -94.50621 39.186008 -94.505012 39.187847
29047020604 -94.515551 39.173695 -94.512096 39.1807
29047020801 -94.474793 39.221186 -94.471169 39.223487
29047020901 -94.539616 39.190831 -94.530312 39.195233
29047020902 -94.521037 39.204449 -94.508545 39.214063
29047021001 -94.576405 39.199066 -94.5706 39.203001
29047021003 -94.548487 39.201736 -94.539014 39.209731
29047021004 -94.556116 39.202626 -94.554974 39.203537
29047021101 -94.58351 39.215557 -94.57609 39.222236
29047021102 -94.548532 39.214995 -94.546606 39.217718
29047021103 -94.548569 39.226395 -94.546486 39.230383
29047021204 -94.59987 39.203027 -94.5896 39.214755
29047021205 -94.543091 39.255337 -94.541948 39.257042
29047021206 -94.558055 39.234348 -94.543367 39.246511
29047021207 -94.589254 39.255454 -94.581756 39.260242
29047021208 -94.601372 39.230413 -94.589544 39.246375
29047021303 -94.553781 39.266684 -94.510352 39.295472
29047021305 -94.579933 39.29835 -94.575353 39.300519
29047021306 -94.584814 39.266392 -94.575592 39.278543
29047021307 -94.492517 39.230654 -94.470653 39.240959
29047021309 -94.484113 39.255014 -94.476429 39.259461
29047021310 -94.49262 39.266885 -94.467444 39.288524
29047021401 -94.416705 39.251969 -94.395329 39.280978
29047021403 -94.426162 39.237505 -94.420814 39.243154
29047021404 -94.438639 39.25259 -94.431729 39.262453
29047021600 -94.32365 39.241206 -94.300555 39.266539
29047021701 -94.263077 39.353178 -94.249091 39.367822
29047021702 -94.240145 39.322965 -94.225779 39.339204
29047021803 -94.471944 39.28094 -94.437044 39.295473
29047021804 -94.445134 39.386426 -94.416844 39.404909
29047021805 -94.347277 39.331272 -94.336658 39.346631
29047021806 -94.313509 39.404142 -94.281027 39.418768
29047021900 -94.565103 39.399324 -94.537568 39.444053
29047022000 -94.577829 39.384574 -94.577014 39.385435
29047022100 -94.576147 39.134135 -94.573832 39.135974
29047022200 -94.452492 39.16214 -94.451272 39.163909
29047022301 -94.429869 39.201264 -94.403698 39.215769
29047022302 -94.462731 39.209117 -94.457535 39.209799
29049960100 -94.256411 39.715496 -94.238898 39.735513
29049960200 -94.289988 39.586004 -94.254192 39.600513
29049960300 -94.417472 39.600683 -94.403429 39.611892
29049960400 -94.544307 39.590889 -94.512973 39.609251
29051010300 -92.133238 38.54322 -92.119359 38.55877
29051010400 -92.168955 38.523447 -92.153259 38.538576
29051010500 -92.180761 38.562755 -92.178732 38.564289
29051010600 -92.193687 38.570686 -92.190081 38.573328
29051010701 -92.271835 38.555566 -92.232201 38.567495
29051010702 -92.219175 38.550745 -92.212512 38.555433
29051010800 -92.291808 38.589528 -92.255794 38.617798
29051010900 -92.224565 38.60484 -92.204478 38.635797
29051020198 -92.089968 38.506878 -92.055504 38.528684
29051020200 -92.209403 38.422966 -92.201289 38.43265
29051020300 -92.337698 38.410187 -92.321691 38.426629
29051020400 -92.285817 38.525791 -92.252987 38.547912
29051020500 -92.433653 38.495205 -92.39925 38.516365
29051020600 -92.365878 38.629383 -92.3609 38.639513
29051020700 -92.165545 38.573894 -92.16366 38.575334
29053950100 -92.6662 38.814024 -92.65078 38.848134
29053950200 -92.721847 38.957042 -92.680004 38.972584
29053950300 -92.775195 38.948142 -92.75568 38.963958
29053950400 -92.731289 38.937042 -92.704287 38.950035
29053950500 -92.923395 38.846583 -92.906381 38.853677
29055450101 -91.43985 38.1511 -91.39672 38.17377
29055450102 -91.194514 38.139509 -91.16811 38.16416
29055450200 -91.251408 37.873676 -91.1945 37.92453
29055450301 -91.48836 38.04513 -91.46877 38.05948
29055450302 -91.387556 38.065545 -91.379947 38.074825
29055450400 -91.41335 37.87195 -91.364629 37.918911
29057480100 -93.731804 37.42975 -93.720567 37.444508
29057480200 -93.952325 37.419112 -93.933655 37.433822
29059480100 -93.023671 37.772131 -92.99486 37.804287
29059480200 -93.143364 37.665411 -93.103136 37.688565
29059480300 -93.02362 37.54745 -93.014538 37.554065
29061470100 -94.067724 39.959761 -94.013263 39.996522
29061470200 -93.966046 39.857475 -93.939525 39.873469
29063080100 -94.313891 39.906544 -94.311688 39.918488
29063080200 -94.512828 39.864214 -94.487449 39.878688
29065960100 -91.42601 37.568201 -91.385534 37.593252
29065960200 -91.696945 37.598346 -91.64613 37.638694
29065960300 -91.549498 37.643215 -91.545589 37.644731
29065960400 -91.517681 37.638339 -91.498831 37.654846
29067950100 -92.309983 36.900726 -92.265798 36.969929
29067950200 -92.844485 36.859274 -92.803876 36.880343
29067950500 -92.672027 36.9427 -92.660745 36.952691
29069360100 -89.96743 36.570958 -89.957389 36.574778
29069360200 -90.01126 36.586029 -89.97896 36.615243
29069360300 -90.125522 36.525854 -90.102098 36.543604
29069360400 -90.023047 36.382557 -90.010338 36.389977
29069360500 -90.058381 36.247331 -90.055673 36.248012
29069360600 -90.02416 36.243533 -90.017352 36.251266
29069360700 -90.082646 36.221913 -90.073675 36.23579
29069360800 -90.177356 36.148621 -90.159323 36.163297
29069360900 -90.062924 36.089709 -90.049134 36.104916
29069361000 -90.266244 36.042254 -90.261575 36.046381
29071800100 -90.848865 38.51347 -90.825215 38.528952
29071800201 -90.982668 38.542693 -90.980468 38.543779
29071800202 -91.006588 38.500102 -90.983816 38.529825
29071800300 -91.07691 38.529845 -91.033991 38.560194
29071800401 -91.26121 38.599818 -91.23594 38.611267
29071800402 -91.245538 38.475684 -91.21863 38.49622
29071800500 -91.237261 38.332147 -91.200545 38.354559
29071800601 -91.012685 38.460022 -91.005384 38.462413
29071800602 -91.011725 38.392323 -90.983646 38.431855
29071800701 -90.778209 38.473053 -90.773038 38.478943
29071800702 -90.773485 38.490061 -90.743714 38.515028
29071800800 -90.855084 38.365821 -90.817258 38.394813
29071800901 -90.992258 38.296141 -90.978392 38.308312
29071800902 -90.981873 38.358604 -90.978411 38.361663
29071801000 -90.943179 38.240029 -90.913733 38.267009
29071801101 -91.136125 38.215699 -91.074986 38.256625
29071801102 -91.209149 38.219038 -91.199791 38.240936
29073960100 -91.493494 38.669087 -91.450668 38.701598
29073960200 -91.521495 38.60377 -91.470908 38.658981
29073960300 -91.529764 38.441276 -91.499554 38.486735
29073960400 -91.503132 38.342997 -91.501801 38.343986
29073960500 -91.518484 38.262932 -91.475626 38.301573
29075960100 -94.332059 40.19744 -94.282765 40.227458
29075960200 -94.531657 40.212668 -94.500704 40.22749
29077000100 -93.29137 37.20698 -93.28992 37.20816
29077000200 -93.28536 37.199348 -93.28224 37.20146
29077000300 -93.28578 37.18587 -93.2845 37.18948
29077000400 -93.306713 37.187333 -93.303848 37.191099
29077000501 -93.30943 37.2006 -93.308681 37.20248
29077000502 -93.29899 37.20052 -93.29718 37.20239
29077000600 -93.29916 37.21734 -93.29848 37.21891
29077000700 -93.284054 37.218558 -93.28246 37.22098
29077000800 -93.27053 37.2185 -93.26828 37.22209
29077000900 -93.27367 37.20372 -93.26994 37.20443
29077001000 -93.26994 37.18901 -93.26677 37.190949
29077001100 -93.27171 37.16982 -93.267678 37.17085
29077001200 -93.289004 37.173948 -93.28613 37.17483
29077001301 -93.28681 37.16284 -93.28223 37.16491
29077001302 -93.29083 37.15503 -93.28527 37.15809
29077001400 -93.308834 37.15451 -93.3018 37.16003
29077001500 -93.30898 37.17404 -93.30595 37.17508
29077001700 -93.32318 37.20464 -93.32149 37.20659
29077001800 -93.31196 37.22012 -93.31176 37.22123
29077001900 -93.30305 37.23527 -93.30222 37.23711
29077002200 -93.2442 37.22845 -93.24232 37.23189
29077002300 -93.248224 37.20273 -93.24037 37.21016
29077002402 -93.23524 37.18675 -93.2342 37.18795
29077002502 -93.23475 37.16969 -93.23199 37.1743
29077002600 -93.25305 37.15885 -93.24965 37.1621
29077002700 -93.26921 37.14882 -93.26714 37.151404
29077002800 -93.29133 37.14544 -93.28176 37.15273
29077002900 -93.30812 37.14412 -93.30585 37.145024
29077003002 -93.332075 37.15665 -93.32292 37.16027
29077003100 -93.34462 37.20234 -93.33979 37.20485
29077003200 -93.33483 37.21564 -93.33247 37.2194
29077003300 -93.3387 37.22704 -93.324062 37.23554
29077003600 -93.27477 37.24033 -93.26973 37.24994
29077003700 -93.21618 37.20885 -93.1977 37.223935
29077003800 -93.214377 37.13151 -93.199436 37.142202
29077003900 -93.23919 37.13645 -93.23113 37.14566
29077004001 -93.287676 37.12629 -93.277123 37.137122
29077004002 -93.26452 37.11442 -93.246155 37.13395
29077004003 -93.297659 37.093851 -93.267609 37.11087
29077004101 -93.37615 37.11567 -93.36995 37.12488
29077004102 -93.351964 37.101289 -93.341516 37.116759
29077004103 -93.31481 37.11323 -93.307 37.11647
29077004201 -93.362688 37.16818 -93.355939 37.172117
29077004202 -93.369436 37.1461 -93.3637 37.153453
29077004301 -93.386635 37.188691 -93.36616 37.19797
29077004302 -93.37308 37.24164 -93.36566 37.24827
29077004400 -93.296748 37.25944 -93.28074 37.26989
29077004500 -93.22396 37.250655 -93.206031 37.26732
29077004600 -93.13072 37.31416 -93.12058 37.33711
29077004700 -93.11877 37.16275 -93.10947 37.17385
29077004801 -93.442893 37.14709 -93.424629 37.161465
29077004802 -93.47616 37.11101 -93.46229 37.11618
29077004803 -93.507 37.11878 -93.48885 37.126371
29077004900 -93.52291 37.199918 -93.513679 37.207336
29077005001 -93.58318 37.3304 -93.557332 37.36389
29077005002 -93.47769 37.33657 -93.463466 37.35134
29077005100 -93.399937 37.344344 -93.36895 37.365723
29077005200 -93.26666 37.333141 -93.243498 37.35374
29077005500 -93.27842 37.23509 -93.2772 37.23695
29077005600 -93.31556 37.2414 -93.31087 37.247484
29077005700 -93.25701 37.18118 -93.24892 37.18852
29077005800 -93.33779 37.18271 -93.331335 37.187235
29079960100 -93.49545 40.119542 -93.466115 40.141455
29079960200 -93.703091 40.082133 -93.650799 40.118755
29079960300 -93.627352 40.078696 -93.625171 40.079424
29079960400 -93.589811 40.075605 -93.574785 40.090214
29081950100 -93.899109 40.336768 -93.879543 40.366139
29081950200 -94.129664 40.338904 -94.100981 40.368129
29081950300 -94.027739 40.268594 -94.0248 40.271399
29083950100 -93.539526 38.53103 -93.528407 38.542917
29083950200 -93.648074 38.399254 -93.624664 38.420915
29083950300 -93.926431 38.461997 -93.892167 38.501526
29083950400 -93.87114 38.252546 -93.850896 38.289151
29083950500 -93.78575 38.370901 -93.782366 38.373528
29083950600 -93.757247 38.364322 -93.754175 38.366293
29085470100 -93.289088 37.978256 -93.259908 37.995663
29085470300 -93.321331 37.905167 -93.270813 37.94792
29085470500 -93.424701 37.850692 -93.362124 37.874004
29087960100 -95.257448 40.175339 -95.240724 40.176616
29087960200 -95.267833 40.093463 -95.255406 40.121756
29087960300 -95.156022 39.9689 -95.136292 39.980429
29089960100 -92.683817 39.232303 -92.659033 39.242465
29089960200 -92.747118 39.024335 -92.706978 39.075126
29089960300 -92.687051 39.146459 -92.685645 39.147554
29091090100 -91.982334 36.967221 -91.969655 36.982627
29091090200 -91.750276 37.00501 -91.718777 37.020506
29091090300 -91.830431 36.871796 -91.80302 36.887603
29091090400 -92.061397 36.659312 -92.028446 36.695895
29091090500 -91.898145 36.700075 -91.886745 36.707127
29091090600 -91.802881 36.608942 -91.76518 36.638934
29091090700 -91.857826 36.734809 -91.854769 36.737722
29091090800 -91.895875 36.743346 -91.890143 36.747442
29093950100 -90.933534 37.603311 -90.870043 37.697494
29093950200 -90.668043 37.560092 -90.650078 37.591616
29093950300 -90.635801 37.612926 -90.591964 37.641684
29093950400 -90.677583 37.355414 -90.625867 37.402135
29095000300 -94.577971 39.113214 -94.569914 39.114757
29095000600 -94.514052 39.112259 -94.512747 39.1141
29095000700 -94.523358 39.112577 -94.522094 39.11443
29095000800 -94.532775 39.111096 -94.531455 39.112928
29095000900 -94.544322 39.112334 -94.541909 39.113296
29095001000 -94.556818 39.111045 -94.555537 39.112343
29095001100 -94.594016 39.100216 -94.59113 39.102534
29095001800 -94.546092 39.102255 -94.544172 39.103314
29095001900 -94.52597 39.101631 -94.523581 39.102622
29095002000 -94.500824 39.097177 -94.498375 39.100875
29095002100 -94.503543 39.089991 -94.500994 39.093654
29095002200 -94.524745 39.090545 -94.520594 39.092369
29095002300 -94.533404 39.090133 -94.532294 39.090948
29095003400 -94.525756 39.077998 -94.524581 39.082003
29095003700 -94.548823 39.080558 -94.54761 39.081642
29095003800 -94.549211 39.072471 -94.546102 39.073665
29095004300 -94.576257 39.076541 -94.574872 39.077919
29095004400 -94.588646 39.076801 -94.58411 39.084027
29095004600 -94.604864 39.063302 -94.594608 39.071713
29095005100 -94.580281 39.056624 -94.576466 39.061768
29095005200 -94.566906 39.066675 -94.56558 39.068528
29095005300 -94.567297 39.059459 -94.565883 39.063097
29095005400 -94.558888 39.064585 -94.557642 39.066439
29095005500 -94.559583 39.057461 -94.557901 39.059535
29095005601 -94.549553 39.066093 -94.548312 39.067938
29095005602 -94.548893 39.057023 -94.547702 39.058888
29095005700 -94.540609 39.060438 -94.539386 39.062232
29095005801 -94.530256 39.055055 -94.521358 39.061902
29095006000 -94.541471 39.047731 -94.539969 39.051399
29095006100 -94.54947 39.046197 -94.548289 39.04806
29095006300 -94.563553 39.0434 -94.562297 39.044956
29095006500 -94.577003 39.052626 -94.575736 39.054477
29095006600 -94.579805 39.043693 -94.579308 39.0461
29095006700 -94.582886 39.051619 -94.581597 39.054065
29095006900 -94.592093 39.045864 -94.588267 39.049483
29095007100 -94.60278 39.046219 -94.600621 39.047122
29095007200 -94.602593 39.031283 -94.597997 39.036578
29095007300 -94.591614 39.04055 -94.590337 39.041425
29095007400 -94.582813 39.031641 -94.580328 39.036542
29095007500 -94.569982 39.032481 -94.56872 39.034339
29095007600 -94.560687 39.032137 -94.559387 39.033998
29095007700 -94.549081 39.031711 -94.54783 39.033542
29095007802 -94.536626 39.023855 -94.528478 39.029498
29095007900 -94.546429 39.018811 -94.541857 39.020046
29095008000 -94.568591 39.016481 -94.560255 39.01975
29095008100 -94.570749 39.019792 -94.56936 39.021644
29095008200 -94.578855 39.020083 -94.577593 39.021929
29095008300 -94.588146 39.020577 -94.587815 39.021307
29095008400 -94.601567 39.020816 -94.599381 39.022247
29095008500 -94.602542 39.006589 -94.59912 39.007645
29095008600 -94.584227 39.005405 -94.583051 39.007645
29095008700 -94.565756 39.00465 -94.563192 39.005666
29095008800 -94.54733 39.003011 -94.546084 39.004859
29095008900 -94.547918 38.99026 -94.543095 38.99399
29095009000 -94.566475 38.991161 -94.566025 38.992997
29095009100 -94.587147 38.993759 -94.58479 38.994791
29095009200 -94.602317 38.992712 -94.601035 38.994536
29095009300 -94.601993 38.976252 -94.60054 38.981669
29095009400 -94.587806 38.98109 -94.585426 38.982086
29095009500 -94.569576 38.97533 -94.568346 38.977129
29095009600 -94.556911 38.972411 -94.548981 38.975143
29095009700 -94.577029 38.96406 -94.569996 38.966216
29095009800 -94.588651 38.962197 -94.587344 38.965152
29095009900 -94.602429 38.964335 -94.600753 38.967207
29095010001 -94.603658 38.944558 -94.596263 38.950874
29095010002 -94.596581 38.942154 -94.587085 38.948621
29095010103 -94.573134 38.947823 -94.56894 38.951794
29095010105 -94.608032 38.924858 -94.59921 38.92926
29095010201 -94.550151 38.949505 -94.547351 38.954021
29095010203 -94.552078 38.930573 -94.547746 38.933821
29095010204 -94.569022 38.909731 -94.542977 38.925122
29095010500 -94.490662 39.024141 -94.487404 39.031444
29095010600 -94.462514 39.026917 -94.448345 39.037533
29095010702 -94.476077 39.037651 -94.461669 39.04518
29095011000 -94.456817 39.103234 -94.45551 39.106443
29095011100 -94.439698 39.118419 -94.436294 39.119395
29095011200 -94.426344 39.111151 -94.420545 39.116161
29095011300 -94.402324 39.11473 -94.387246 39.125505
29095011401 -94.380751 39.091371 -94.360102 39.108419
29095011405 -94.382422 39.109702 -94.374773 39.114386
29095011406 -94.363248 39.114152 -94.359945 39.117061
29095011500 -94.403189 39.085963 -94.400653 39.089547
29095011600 -94.423799 39.092911 -94.421222 39.094065
29095011700 -94.436666 39.086459 -94.432194 39.087943
29095011800 -94.460755 39.088043 -94.45664 39.090027
29095011900 -94.468002 39.066339 -94.455589 39.079116
29095012000 -94.459946 39.059057 -94.458368 39.061443
29095012100 -94.443281 39.058203 -94.438424 39.063865
29095012200 -94.428507 39.057444 -94.417775 39.065143
29095012300 -94.405228 39.067839 -94.401454 39.069688
29095012400 -94.429575 39.036051 -94.425418 39.039283
29095012501 -94.467969 39.016544 -94.466269 39.023324
29095012502 -94.450729 39.015218 -94.449022 39.017993
29095012600 -94.472907 39.004316 -94.468623 39.005399
29095012701 -94.458986 38.988343 -94.447465 38.996396
29095012802 -94.454323 38.963918 -94.445481 38.971789
29095012803 -94.482982 38.987153 -94.466617 38.994809
29095012804 -94.479266 38.970746 -94.478084 38.973104
29095012903 -94.497954 38.957161 -94.493781 38.958751
29095012904 -94.480342 38.956586 -94.474987 38.960301
29095012906 -94.49435 38.937867 -94.466093 38.951182
29095013003 -94.522362 38.942168 -94.521152 38.943869
29095013100 -94.523065 38.923029 -94.517229 38.927492
29095013203 -94.505065 38.920882 -94.499731 38.924325
29095013208 -94.501471 38.911078 -94.498457 38.912724
29095013210 -94.489989 38.921883 -94.487747 38.923929
29095013301 -94.533757 38.889139 -94.530153 38.89108
29095013307 -94.524133 38.897736 -94.505797 38.908822
29095013309 -94.506975 38.8918 -94.505765 38.893819
29095013313 -94.513379 38.871639 -94.507878 38.879491
29095013401 -94.563115 38.874103 -94.54354 38.891913
29095013405 -94.587582 38.859724 -94.563869 38.875619
29095013407 -94.605681 38.890233 -94.594539 38.905385
29095013408 -94.580441 38.903744 -94.569766 38.907548
29095013410 -94.521683 38.842302 -94.506784 38.857336
29095013416 -94.509101 38.856296 -94.490451 38.8715
29095013502 -94.342478 38.850784 -94.323836 38.865563
29095013504 -94.416994 38.853582 -94.397747 38.868404
29095013606 -94.437777 38.925965 -94.404875 38.935456
29095013608 -94.426989 38.918949 -94.424985 38.920785
29095013612 -94.442933 38.890151 -94.414129 38.905573
29095013703 -94.372416 38.913742 -94.365369 38.917716
29095013704 -94.39593 38.896521 -94.384876 38.907115
29095013801 -94.351114 38.924099 -94.342901 38.931783
29095013802 -94.35953 38.865594 -94.340208 38.895635
29095013901 -94.227966 38.885617 -94.218267 38.907427
29095013902 -94.173148 38.870809 -94.15461 38.886964
29095013904 -94.321188 38.906554 -94.319132 38.908595
29095013916 -94.327322 38.921452 -94.32471 38.923445
29095014002 -94.168206 38.961743 -94.163131 38.969776
29095014004 -94.140166 39.016204 -94.128657 39.016711
29095014005 -94.13753 38.981569 -94.128982 38.986797
29095014006 -94.213711 38.994139 -94.211276 38.997166
29095014007 -94.221644 39.021813 -94.197939 39.024632
29095014101 -94.257043 39.019824 -94.254539 39.023275
29095014105 -94.251287 39.000073 -94.249779 39.001271
29095014108 -94.293493 39.020723 -94.291101 39.024137
29095014111 -94.246664 38.971798 -94.231637 38.985438
29095014112 -94.25154 38.948875 -94.230403 38.961225
29095014114 -94.287248 38.994969 -94.283414 38.998663
29095014120 -94.295207 38.958468 -94.274664 38.966095
29095014203 -94.375821 39.004523 -94.362099 39.015672
29095014204 -94.376424 38.968148 -94.364657 38.976903
29095014300 -94.407774 38.989589 -94.387191 39.013001
29095014400 -94.457015 38.941949 -94.439082 38.950249
29095014501 -94.405215 39.038261 -94.387463 39.045528
29095014502 -94.360888 39.027846 -94.355933 39.033004
29095014601 -94.405737 39.049632 -94.402487 39.056895
29095014603 -94.382807 39.048459 -94.372646 39.054101
29095014604 -94.384961 39.055715 -94.366951 39.062635
29095014701 -94.352296 39.052388 -94.349422 39.053181
29095014702 -94.35525 39.061968 -94.33442 39.078899
29095014804 -94.316189 39.061935 -94.302869 39.086027
29095014806 -94.298868 39.036994 -94.284351 39.042126
29095014902 -94.207444 39.123564 -94.200783 39.130355
29095014903 -94.182032 39.071509 -94.16532 39.086258
29095014904 -94.264583 39.047235 -94.262249 39.04854
29095014905 -94.236679 39.038203 -94.234044 39.040653
29095015000 -94.240789 39.16796 -94.221469 39.182455
29095015100 -94.378495 39.150402 -94.354349 39.168654
29095015200 -94.598406 39.100534 -94.596313 39.103067
29095015300 -94.598534 39.082961 -94.596164 39.08408
29095015400 -94.563407 39.101681 -94.560451 39.102997
29095015500 -94.514015 39.121761 -94.497841 39.129329
29095015600 -94.478851 39.092202 -94.469708 39.107505
29095015700 -94.584274 39.100808 -94.583117 39.102288
29095015800 -94.580299 39.088889 -94.579013 39.090313
29095015900 -94.575016 39.100806 -94.573821 39.102075
29095016000 -94.54758 39.090527 -94.543163 39.092471
29095016100 -94.561029 39.091105 -94.560131 39.092789
29095016200 -94.566995 39.077535 -94.56524 39.081209
29095016300 -94.505863 39.05741 -94.502182 39.061614
29095016400 -94.528486 39.072087 -94.52251 39.076299
29095016500 -94.538701 39.076579 -94.537001 39.07843
29095016600 -94.558319 39.075459 -94.557101 39.077294
29095016700 -94.590465 39.062111 -94.589107 39.063982
29095016800 -94.598621 39.051571 -94.596367 39.055054
29095016900 -94.56316 39.050327 -94.561886 39.052169
29095017000 -94.484083 39.061734 -94.474706 39.067479
29095017100 -94.534183 39.043658 -94.523744 39.051321
29095017200 -94.521585 38.97448 -94.505639 38.985287
29095017300 -94.587839 38.929157 -94.582975 38.931025
29095017400 -94.528727 38.953182 -94.514885 38.967375
29095017500 -94.516123 39.011697 -94.497757 39.020398
29095017600 -94.444965 38.984915 -94.417241 39.000576
29095017700 -94.281527 39.10737 -94.255202 39.122172
29095017800 -94.580329 39.065274 -94.577955 39.066356
29095017900 -94.390144 38.925039 -94.37852 38.937076
29095018000 -94.390897 38.912204 -94.38731 38.915902
29095018100 -94.430756 38.839307 -94.417229 38.854179
29095018200 -94.44336 38.871092 -94.414986 38.891113
29095018500 -94.358122 38.967847 -94.346347 38.982473
29095018600 -94.355304 38.937139 -94.343561 38.941329
29095019300 -94.319386 39.014926 -94.302049 39.024354
29095980101 -94.529276 38.994384 -94.51876 39.014646
29095980802 -94.486482 39.047082 -94.481667 39.050813
29095988300 -94.469759 38.899032 -94.464385 38.901159
29095989100 -94.330364 38.967242 -94.311106 38.981388
29095989200 -94.30213 39.04054 -94.278085 39.053514
29097010100 -94.496727 37.093121 -94.495516 37.093786
29097010200 -94.491863 37.113054 -94.487573 37.11715
29097010300 -94.466391 37.120486 -94.457303 37.123518
29097010400 -94.459597 37.069267 -94.452262 37.076554
29097010500 -94.491098 37.069252 -94.484491 37.074423
29097010600 -94.504159 37.071567 -94.503536 37.072821
29097010700 -94.514726 37.057345 -94.513567 37.058609
29097010800 -94.52325 37.068448 -94.522065 37.069739
29097010900 -94.577029 37.066781 -94.571264 37.070762
29097011000 -94.522765 37.084263 -94.521374 37.085754
29097011100 -94.532926 37.097286 -94.52371 37.11276
29097011200 -94.582023 37.11819 -94.566018 37.123907
29097011300 -94.56421 37.164033 -94.536024 37.176694
29097011400 -94.492134 37.156339 -94.476783 37.174935
29097011500 -94.432286 37.166453 -94.416452 37.179482
29097011600 -94.321555 37.181341 -94.318449 37.183976
29097011700 -94.296531 37.154635 -94.291955 37.158262
29097011800 -94.366161 37.146351 -94.332738 37.155264
29097011900 -94.385661 37.08995 -94.363814 37.126246
29097012000 -94.193547 37.094865 -94.175046 37.109784
29097012100 -94.180153 37.240172 -94.170565 37.254872
29097012200 -94.470131 37.275446 -94.461383 37.290209
29099700107 -90.48837 38.386107 -90.43889 38.426746
29099700109 -90.420914 38.37718 -90.406169 38.385734
29099700110 -90.3793 38.419577 -90.36057 38.43446
29099700111 -90.36361 38.43505 -90.35025 38.44679
29099700113 -90.45046 38.42142 -90.41719 38.44421
29099700114 -90.378508 38.35986 -90.374771 38.368947
29099700115 -90.361423 38.388195 -90.354353 38.397435
29099700116 -90.415254 38.408772 -90.41033 38.411829
29099700117 -90.404542 38.40169 -90.38917 38.40925
29099700118 -90.3981 38.43688 -90.38717 38.443798
29099700119 -90.43778 38.43308 -90.41024 38.45096
29099700203 -90.44011 38.48138 -90.41693 38.498
29099700206 -90.513472 38.39592 -90.498259 38.415512
29099700207 -90.56839 38.40299 -90.52334 38.42889
29099700208 -90.46311 38.470149 -90.43923 38.48621
29099700209 -90.47966 38.44074 -90.46074 38.4583
29099700210 -90.47515 38.471329 -90.456204 38.49013
29099700211 -90.512751 38.45014 -90.491865 38.46893
29099700302 -90.58584 38.4392 -90.567195 38.44987
29099700303 -90.50031 38.49229 -90.49213 38.494892
29099700304 -90.562847 38.46798 -90.544358 38.501572
29099700401 -90.743656 38.335541 -90.69055 38.3774
29099700402 -90.683308 38.41487 -90.65768 38.439072
29099700502 -90.58987 38.28037 -90.58078 38.28636
29099700503 -90.57083 38.354385 -90.515942 38.405949
29099700504 -90.608887 38.354524 -90.58989 38.369553
29099700601 -90.40219 38.291149 -90.385075 38.305394
29099700603 -90.422397 38.32558 -90.417279 38.328933
29099700604 -90.514491 38.293064 -90.49198 38.30902
29099700605 -90.46298 38.278171 -90.449437 38.286205
29099700700 -90.380431 38.22478 -90.37779 38.2279
29099700801 -90.41388 38.22356 -90.40618 38.22668
29099700802 -90.41278 38.245971 -90.406003 38.255202
29099700900 -90.444946 38.190014 -90.420943 38.21087
29099701000 -90.51883 38.19048 -90.47898 38.2136
29099701101 -90.63142 38.169296 -90.62199 38.17925
29099701102 -90.718242 38.230179 -90.685631 38.250846
29099701200 -90.59146 38.11447 -90.562742 38.12697
29099701300 -90.5447 38.1182 -90.50557 38.141172
29099701401 -90.56715 38.04522 -90.53914 38.06876
29099701403 -90.42693 38.08048 -90.40453 38.09631
29099701404 -90.35684 38.146956 -90.34171 38.15788
29101960100 -93.833285 38.865806 -93.791311 38.896146
29101960200 -94.030829 38.731566 -94.020123 38.758595
29101960300 -93.86137 38.705671 -93.841616 38.72801
29101960400 -93.750965 38.745997 -93.745703 38.752522
29101960500 -93.726786 38.751638 -93.710949 38.75938
29101960600 -93.74765 38.767705 -93.744969 38.771389
29101960700 -93.557526 38.738851 -93.531281 38.75877
29101960900 -93.824091 38.594912 -93.804682 38.635078
29101980000 -93.561504 38.730012 -93.56028 38.731524
29103960100 -92.148448 40.095933 -92.093897 40.124741
29103960200 -92.280958 40.186287 -92.234141 40.210411
29105960100 -92.767599 37.719251 -92.747973 37.754393
29105960298 -92.474054 37.599036 -92.451356 37.638773
29105960300 -92.699837 37.710892 -92.688124 37.72556
29105960400 -92.673801 37.696398 -92.667803 37.698765
29105960500 -92.64946 37.661908 -92.636341 37.66924
29105960600 -92.685872 37.664716 -92.682425 37.668541
29107090100 -94.002986 39.073816 -93.980769 39.100598
29107090200 -93.813653 39.129161 -93.76708 39.149412
29107090300 -93.600438 39.159029 -93.576605 39.201107
29107090400 -93.694789 39.02567 -93.65491 39.061726
29107090500 -93.713483 38.948359 -93.685047 38.963396
29107090601 -93.95306 38.978183 -93.943312 38.989178
29107090602 -94.029924 38.943663 -94.015289 38.962047
29109470100 -93.842775 37.221942 -93.802759 37.25432
29109470200 -93.800766 37.105673 -93.764091 37.115829
29109470300 -93.923708 37.04506 -93.91493 37.052331
29109470400 -93.989546 36.958957 -93.97116 36.970121
29109470500 -93.682199 37.040246 -93.66382 37.064536
29109470601 -93.734042 36.969565 -93.728712 36.972682
29109470602 -93.709471 36.970325 -93.700182 36.975471
29111970100 -91.583548 40.168017 -91.555111 40.206563
29111970200 -91.827243 40.151455 -91.783672 40.175048
29111970300 -91.786322 40.019567 -91.728557 40.035094
29111970400 -91.563174 39.990217 -91.525974 40.028805
29113810100 -90.864637 39.157902 -90.7901 39.197109
29113810201 -91.09358 38.939619 -91.076801 38.949695
29113810202 -91.106102 39.102949 -91.086911 39.112171
29113810301 -91.016059 39.009919 -90.974827 39.049207
29113810303 -90.924404 38.903487 -90.902015 38.924859
29113810304 -90.911954 39.010251 -90.883899 39.050435
29113810400 -90.79405 39.015922 -90.756086 39.035596
29115490100 -93.002241 39.892554 -92.972968 39.937792
29115490200 -93.266528 39.88125 -93.247297 39.896141
29115490300 -93.138038 39.763928 -93.122671 39.779511
29115490400 -93.059674 39.77837 -93.04792 39.78721
29115490500 -92.941982 39.72521 -92.934685 39.731265
29117480100 -93.483303 39.842072 -93.464138 39.856705
29117480200 -93.622972 39.736903 -93.575145 39.758048
29117480300 -93.55256 39.806397 -93.550131 39.808185
29117480400 -93.571083 39.778358 -93.556565 39.789607
29117480500 -93.545951 39.782403 -93.542346 39.787716
29119070100 -94.223894 36.595336 -94.192597 36.633184
29119070200 -94.536962 36.689899 -94.490501 36.705439
29119070300 -94.495796 36.546378 -94.494907 36.548205
29119070400 -94.413139 36.628236 -94.388497 36.646446
29121960100 -92.419873 39.939383 -92.400917 39.954441
29121960200 -92.71171 39.875208 -92.688049 39.89555
29121960300 -92.405253 39.664161 -92.370206 39.693209
29121960400 -92.453503 39.75699 -92.451287 39.759282
29121960500 -92.492896 39.693871 -92.464877 39.705124
29123960100 -90.348487 37.409886 -90.309084 37.436016
29123960200 -90.292821 37.559643 -90.288274 37.563919
29123960300 -90.415679 37.541512 -90.388066 37.563047
29125880100 -91.756221 38.213315 -91.719504 38.228885
29125880298 -92.030552 38.211326 -91.993132 38.253591
29125880300 -91.944113 38.086075 -91.909746 38.110014
29127960100 -91.515772 39.808889 -91.480707 39.82399
29127960200 -91.753815 39.806736 -91.725013 39.817411
29127960300 -91.526611 39.798784 -91.525418 39.799695
29127960400 -91.400297 39.729115 -91.370898 39.755306
29127960500 -91.370224 39.708048 -91.369066 39.709076
29127960600 -91.39546 39.708924 -91.391463 39.711906
29127960800 -91.35035 39.693977 -91.347932 39.699824
29127960900 -91.396273 39.694501 -91.393389 39.696759
29129470100 -93.521347 40.459573 -93.517756 40.473091
29129470200 -93.647469 40.366435 -93.638019 40.373815
29131962500 -92.308223 38.161904 -92.270353 38.188201
29131962600 -92.510112 38.365595 -92.504861 38.366274
29131962700 -92.654639 38.266631 -92.623584 38.290211
29131962800 -92.522056 38.153872 -92.487041 38.168698
29131962900 -92.581416 38.346036 -92.579464 38.346849
29133950100 -89.297845 36.907362 -89.286502 36.922051
29133950200 -89.343862 36.919683 -89.34252 36.920833
29133950300 -89.283149 36.732272 -89.264995 36.739728
29133950400 -89.392932 36.779181 -89.392068 36.780456
29135385100 -92.504883 38.710569 -92.491739 38.723987
29135385200 -92.566572 38.625166 -92.5647 38.627543
29135385300 -92.621691 38.536675 -92.593553 38.551761
29135385400 -92.790202 38.610027 -92.766339 38.62489
29137960100 -91.840551 39.474647 -91.810038 39.493599
29137960200 -92.000626 39.493577 -91.971498 39.514407
29137960300 -92.187163 39.502478 -92.170668 39.522601
29139970100 -91.461558 39.082353 -91.447086 39.091926
29139970200 -91.52233 38.992946 -91.505541 39.019348
29139970300 -91.536344 38.806748 -91.50226 38.823722
29139970400 -91.343229 38.926762 -91.33114 38.948987
29141470100 -92.85453 38.51556 -92.844426 38.523501
29141470200 -92.97157 38.431184 -92.93151 38.45262
29141470300 -92.83951 38.43551 -92.83685 38.43885
29141470400 -92.76116 38.28609 -92.7223 38.308137
29141470500 -92.94734 38.25548 -92.91147 38.29879
29143960100 -89.602338 36.788199 -89.587531 36.806916
29143960200 -89.520225 36.642208 -89.48327 36.657088
29143960300 -89.570409 36.575342 -89.553695 36.598353
29143960400 -89.68206 36.504753 -89.645556 36.519362
29143960500 -89.858196 36.480622 -89.845785 36.493724
29143960600 -89.691292 36.439361 -89.682171 36.453895
29145020100 -94.389186 36.859794 -94.381198 36.869072
29145020200 -94.359308 36.859201 -94.357771 36.859734
29145020300 -94.37048 36.876395 -94.33997 36.894133
29145020400 -94.261455 36.982887 -94.24256 36.99474
29145020501 -94.471589 37.034212 -94.470309 37.034729
29145020502 -94.527815 37.026645 -94.526546 37.02783
29145020601 -94.570108 36.979692 -94.551812 36.998045
29145020602 -94.481028 36.924386 -94.470854 36.938889
29145020700 -94.578814 36.829672 -94.566917 36.834297
29145020800 -94.431518 36.8037 -94.42681 36.818355
29145020900 -94.264448 36.877755 -94.245877 36.892576
29145021000 -94.176509 36.823667 -94.162586 36.831513
29147470100 -94.935607 40.49009 -94.903068 40.519896
29147470200 -95.009694 40.289188 -94.988915 40.303931
29147470300 -94.885535 40.341523 -94.883109 40.344887
29147470400 -94.85747 40.347594 -94.856019 40.348544
29147470500 -94.750203 40.314861 -94.737123 40.333098
29149480100 -91.378426 36.765921 -91.334031 36.798897
29149480200 -91.614174 36.606774 -91.565977 36.629753
29149480300 -91.373157 36.572594 -91.32369 36.605163
29151490100 -91.826872 38.592804 -91.824443 38.596818
29151490200 -91.783894 38.467427 -91.749801 38.486744
29151490300 -92.062701 38.339375 -92.024494 38.413647
29151490400 -91.843644 38.338883 -91.804034 38.388749
29153470100 -92.62436 36.625457 -92.587799 36.65156
29153470200 -92.30565 36.66185 -92.27725 36.679
29155470100 -89.764712 36.299089 -89.755192 36.320773
29155470200 -89.780858 36.226581 -89.772014 36.234129
29155470300 -89.677519 36.176281 -89.66721 36.183642
29155470400 -89.645683 36.147354 -89.617682 36.161962
29155470500 -89.82907 36.117328 -89.811245 36.124664
29155470600 -89.810806 36.045973 -89.808807 36.047611
29157470100 -89.851599 37.785545 -89.802728 37.819059
29157470200 -90.014203 37.685042 -89.946198 37.741249
29157470300 -89.86223 37.728662 -89.851341 37.741716
29157470400 -89.88249 37.706184 -89.869666 37.721117
29157470500 -89.714719 37.632975 -89.687503 37.664233
29159480100 -93.221812 38.807485 -93.19896 38.840384
29159480200 -93.431355 38.774908 -93.425619 38.77836
29159480300 -93.372378 38.558439 -93.334005 38.595484
29159480400 -93.133174 38.621888 -93.099002 38.648956
29159480500 -93.190198 38.696551 -93.176256 38.707313
29159480600 -93.222342 38.711286 -93.21278 38.723681
29159480700 -93.270169 38.709618 -93.266435 38.714119
29159480800 -93.243294 38.708555 -93.242143 38.709022
29159480900 -93.223439 38.703939 -93.2216 38.706528
29159481000 -93.234432 38.682079 -93.231468 38.683164
29159481100 -93.262515 38.692789 -93.260102 38.693318
29161890100 -91.621869 38.028575 -91.598675 38.050614
29161890200 -91.615408 37.995583 -91.613619 37.996745
29161890300 -91.745323 37.95141 -91.740523 37.955335
29161890400 -91.783054 37.956582 -91.77321 37.965829
29161890500 -91.871979 37.979222 -91.842715 37.998315
29161890600 -91.937811 37.757089 -91.927607 37.766568
29161890700 -91.859676 37.894946 -91.821841 37.909412
29161890800 -91.78671 37.931238 -91.777746 37.944016
29161890900 -91.762041 37.933715 -91.755031 37.939684
29161891000 -91.690523 37.851119 -91.635682 37.877718
29163460100 -91.079487 39.437681 -91.053063 39.452409
29163460200 -91.189524 39.442994 -91.155558 39.468322
29163460300 -91.298789 39.293483 -91.288974 39.30831
29163460400 -91.213551 39.327049 -91.195219 39.337152
29163460500 -90.950784 39.261976 -90.903221 39.298102
29165030001 -94.622865 39.189696 -94.608594 39.210216
29165030002 -94.612899 39.168571 -94.60309 39.17479
29165030101 -94.648077 39.177021 -94.631688 39.188505
29165030102 -94.648835 39.195713 -94.638787 39.204644
29165030103 -94.667599 39.199554 -94.662115 39.204275
29165030201 -94.653942 39.267452 -94.630384 39.289318
29165030205 -94.618864 39.230706 -94.600855 39.246397
29165030207 -94.645543 39.233475 -94.637985 39.235985
29165030208 -94.697066 39.234134 -94.695014 39.234626
29165030209 -94.67043 39.231103 -94.668365 39.232626
29165030210 -94.659626 39.254309 -94.630962 39.261402
29165030211 -94.64712 39.246779 -94.64276 39.251584
29165030305 -94.713988 39.211517 -94.708144 39.21923
29165030306 -94.75173 39.192648 -94.723027 39.203763
29165030307 -94.733078 39.296227 -94.712808 39.33194
29165030308 -94.715016 39.253381 -94.696626 39.261616
29165030401 -94.82575 39.296229 -94.799652 39.319858
29165030500 -94.784973 39.354128 -94.779305 39.360553
29165030600 -94.732178 39.426853 -94.676169 39.448378
29165030700 -94.927956 39.468199 -94.900379 39.48329
29167960100 -93.562906 37.701488 -93.517864 37.740436
29167960200 -93.318626 37.696507 -93.304429 37.711274
29167960300 -93.287553 37.517586 -93.253722 37.536043
29167960400 -93.508209 37.512023 -93.481867 37.524263
29169470101 -92.132001 37.941923 -92.110272 37.959879
29169470102 -92.285538 37.95204 -92.269667 37.956828
29169470286 -92.062893 37.843971 -92.057264 37.848187
29169470287 -92.140593 37.818954 -92.135338 37.823609
29169470389 -92.130263 37.75497 -92.128186 37.758351
29169470390 -92.120288 37.780775 -92.112548 37.789148
29169470400 -92.250109 37.798685 -92.234743 37.813387
29169470500 -92.347685 37.80069 -92.328447 37.822672
29169470600 -92.170676 37.696107 -92.156446 37.710006
29171960100 -93.203596 40.500475 -93.182151 40.535809
29171960200 -93.022437 40.425546 -93.00591 40.46775
29173470100 -91.32346 39.598799 -91.282899 39.617372
29173470200 -91.481723 39.568425 -91.455604 39.585586
29173470300 -91.604243 39.476225 -91.584579 39.498012
29175490100 -92.491301 39.504644 -92.439261 39.548655
29175490200 -92.610048 39.444242 -92.58617 39.463612
29175490300 -92.4499 39.429634 -92.435804 39.43592
29175490400 -92.468941 39.40821 -92.455137 39.415929
29175490500 -92.428294 39.394134 -92.42219 39.401962
29175490600 -92.506484 39.32443 -92.487787 39.339405
29177080000 -94.098035 39.402093 -94.058331 39.427821
29177080100 -93.899464 39.358177 -93.870336 39.373734
29177080200 -93.973145 39.274731 -93.971963 39.27627
29177080300 -94.118814 39.231146 -94.109357 39.26124
29179380100 -91.02771 37.443503 -90.985287 37.480137
29179380200 -90.913038 37.214413 -90.887933 37.235026
29181870100 -90.763671 36.724587 -90.75435 36.748978
29181870200 -91.027553 36.604385 -90.955707 36.656244
29181870300 -90.823891 36.53715 -90.795177 36.594804
29181870400 -90.693373 36.541578 -90.656838 36.566761
29183310100 -90.37266 38.87144 -90.34706 38.8945
29183310201 -90.4929 38.833696 -90.488128 38.83683
29183310202 -90.48622 38.8146 -90.473203 38.820861
29183310301 -90.5025 38.8084 -90.49907 38.81077
29183310302 -90.492853 38.797061 -90.48826 38.80015
29183310400 -90.47832 38.79344 -90.47735 38.79437
29183310501 -90.50154 38.77317 -90.49395 38.78006
29183310502 -90.488089 38.77531 -90.48499 38.77754
29183310601 -90.50516 38.78786 -90.50239 38.79058
29183310602 -90.52976 38.8013 -90.51982 38.8083
29183310700 -90.52515 38.78889 -90.52291 38.79194
29183310801 -90.57039 38.80119 -90.56883 38.8029
29183310802 -90.547652 38.79572 -90.54158 38.800208
29183310901 -90.52524 38.77579 -90.515507 38.78139
29183310902 -90.53957 38.77044 -90.535122 38.778256
29183310903 -90.555796 38.77723 -90.544978 38.785891
29183311001 -90.523416 38.74567 -90.512653 38.757392
29183311003 -90.499331 38.760149 -90.4941 38.76501
29183311004 -90.514646 38.76138 -90.50479 38.76737
29183311103 -90.66511 38.7015 -90.64142 38.71763
29183311114 -90.66107 38.72893 -90.64998 38.73691
29183311122 -90.61806 38.72895 -90.60262 38.740902
29183311124 -90.68942 38.7304 -90.676948 38.739088
29183311132 -90.626508 38.682901 -90.568319 38.71046
29183311145 -90.553676 38.736472 -90.54718 38.7423
29183311146 -90.54443 38.73913 -90.53334 38.7496
29183311147 -90.570192 38.741426 -90.56972 38.742921
29183311148 -90.57764 38.683012 -90.533351 38.722917
29183311149 -90.58892 38.73679 -90.580793 38.74453
29183311150 -90.59539 38.72494 -90.58939 38.72928
29183311151 -90.72446 38.721379 -90.709398 38.73002
29183311152 -90.71754 38.743804 -90.70396 38.752889
29183311153 -90.75635 38.75103 -90.74274 38.76413
29183311154 -90.72725 38.75428 -90.72097 38.75636
29183311203 -90.5903 38.78306 -90.58867 38.7846
29183311211 -90.570946 38.754271 -90.569406 38.755539
29183311212 -90.576888 38.779013 -90.568592 38.79021
29183311221 -90.60178 38.747484 -90.594078 38.75325
29183311294 -90.59315 38.76612 -90.591 38.76729
29183311296 -90.57342 38.76232 -90.57122 38.7638
29183311311 -90.62469 38.779315 -90.612742 38.78515
29183311312 -90.649686 38.771542 -90.638658 38.78741
29183311322 -90.643988 38.74411 -90.635024 38.756093
29183311331 -90.61184 38.75816 -90.60431 38.76717
29183311391 -90.61374 38.76918 -90.60836 38.7747
29183311422 -90.659754 38.794025 -90.658013 38.7956
29183311500 -90.63349 38.85646 -90.61832 38.87054
29183311601 -90.68867 38.8251 -90.663807 38.8328
29183311602 -90.6761 38.810163 -90.670399 38.81587
29183311712 -90.72042 38.793385 -90.71699 38.79713
29183311721 -90.67619 38.7731 -90.66584 38.779438
29183311722 -90.7215 38.78101 -90.71926 38.78383
29183311732 -90.718 38.758798 -90.708626 38.77009
29183311733 -90.689782 38.78273 -90.67631 38.79141
29183311734 -90.68757 38.79523 -90.6807 38.80097
29183311735 -90.68952 38.77404 -90.68779 38.77486
29183311736 -90.67906 38.753844 -90.664486 38.764026
29183311801 -90.737271 38.836411 -90.71434 38.85413
29183311802 -90.73179 38.80884 -90.72275 38.821771
29183311903 -90.80699 38.79337 -90.78853 38.8022
29183311904 -90.75605 38.77317 -90.73755 38.781452
29183311907 -90.745487 38.79335 -90.74165 38.79669
29183311908 -90.823304 38.7663 -90.799638 38.789061
29183311909 -90.78242 38.773839 -90.769569 38.78936
29183312001 -90.814293 38.84872 -90.76775 38.903089
29183312094 -90.853642 38.842248 -90.8295 38.86324
29183312095 -90.811644 38.817864 -90.79342 38.829206
29183312096 -90.880613 38.835562 -90.867168 38.839644
29183312097 -90.929039 38.82514 -90.90584 38.83993
29183312192 -90.886806 38.781787 -90.878201 38.795598
29183312193 -90.85506 38.772241 -90.83677 38.790605
29183312194 -90.90599 38.80663 -90.8829 38.8187
29183312195 -90.859171 38.81503 -90.855297 38.816865
29183312204 -90.892416 38.615067 -90.852425 38.651342
29183312205 -90.811228 38.742224 -90.789847 38.76161
29183312206 -90.91549 38.731092 -90.87954 38.738261
29183312300 -90.562623 38.773404 -90.56007 38.77511
29183312400 -90.61382 38.78813 -90.60589 38.79581
29183980000 -90.74542 38.69245 -90.74022 38.69441
29185480100 -93.821091 38.117859 -93.805447 38.154489
29185480200 -93.871257 37.952161 -93.826837 37.981816
29185480300 -93.620815 38.003395 -93.573535 38.04379
29186960100 -90.329564 37.938723 -90.208792 38.007809
29186960200 -90.057778 37.968511 -90.05195 37.975034
29186960300 -90.141325 37.936673 -90.124925 37.941483
29186960400 -90.176407 37.780297 -90.101523 37.817075
29187950101 -90.45532 37.955158 -90.414532 37.984353
29187950102 -90.607583 37.94222 -90.57552 37.975535
29187950300 -90.553224 37.922855 -90.542089 37.941159
29187950400 -90.544941 37.81098 -90.533095 37.821761
29187950600 -90.59826 37.70503 -90.552383 37.720287
29187950700 -90.394139 37.675463 -90.356634 37.730682
29187950800 -90.410242 37.78103 -90.400635 37.788559
29187950901 -90.442329 37.799464 -90.428493 37.80546
29187950902 -90.434392 37.773876 -90.4289 37.776954
29187951000 -90.562403 37.823705 -90.539631 37.845441
29187951100 -90.522437 37.868214 -90.519121 37.86966
29189210100 -90.182882 38.797352 -90.130577 38.809482
29189210200 -90.20608 38.756334 -90.200814 38.75971
29189210300 -90.214512 38.742581 -90.209548 38.746163
29189210400 -90.236725 38.731688 -90.235449 38.733724
29189210501 -90.250888 38.763685 -90.241611 38.764724
29189210502 -90.250624 38.748708 -90.245593 38.750527
29189210600 -90.229421 38.754111 -90.227679 38.75581
29189210702 -90.222194 38.777135 -90.218969 38.778328
29189210703 -90.227935 38.800278 -90.215884 38.809583
29189210704 -90.232407 38.785687 -90.223664 38.79569
29189210803 -90.285973 38.800399 -90.278443 38.809871
29189210804 -90.258554 38.797241 -90.250508 38.811232
29189210805 -90.248187 38.771086 -90.236359 38.782074
29189210806 -90.254875 38.781619 -90.240884 38.796509
29189210912 -90.275929 38.818104 -90.249037 38.839806
29189210921 -90.344524 38.829717 -90.321033 38.849688
29189210923 -90.332747 38.818273 -90.328485 38.821264
29189210924 -90.324122 38.824117 -90.311361 38.835093
29189210925 -90.314355 38.80771 -90.311662 38.809651
29189210926 -90.322094 38.811449 -90.316902 38.813918
29189210927 -90.340829 38.849032 -90.271999 38.872497
29189210928 -90.311557 38.827659 -90.302552 38.836349
29189211000 -90.30616 38.795388 -90.301483 38.79762
29189211101 -90.314648 38.77677 -90.309972 38.780857
29189211102 -90.290113 38.77875 -90.2843 38.783507
29189211201 -90.343121 38.7866 -90.334927 38.795565
29189211202 -90.329674 38.781174 -90.32326 38.78946
29189211301 -90.344559 38.803887 -90.338382 38.808194
29189211331 -90.357531 38.798043 -90.353097 38.801477
29189211332 -90.373228 38.786883 -90.361937 38.79282
29189211333 -90.379817 38.803634 -90.377803 38.804879
29189211334 -90.404396 38.813926 -90.388964 38.819624
29189211401 -90.429086 38.788223 -90.417653 38.797513
29189211402 -90.390914 38.760625 -90.377519 38.772951
29189211500 -90.349584 38.762915 -90.339454 38.765042
29189211600 -90.324224 38.768082 -90.321192 38.769163
29189211700 -90.303465 38.760358 -90.287538 38.771847
29189211801 -90.267843 38.758472 -90.262765 38.76408
29189211802 -90.279942 38.749408 -90.272185 38.75685
29189211900 -90.266103 38.743362 -90.263666 38.745158
29189212001 -90.259187 38.723758 -90.252866 38.728775
29189212002 -90.269986 38.732936 -90.266103 38.735891
29189212101 -90.265997 38.710763 -90.263808 38.712828
29189212102 -90.280662 38.707937 -90.271672 38.717534
29189212200 -90.279486 38.699052 -90.271144 38.704153
29189212300 -90.294452 38.710297 -90.29262 38.71265
29189212400 -90.29312 38.72505 -90.280472 38.731049
29189212500 -90.290554 38.741804 -90.285772 38.744496
29189212600 -90.316452 38.751816 -90.308905 38.758197
29189212700 -90.313257 38.73045 -90.307208 38.732046
29189213101 -90.420541 38.755237 -90.405122 38.75769
29189213102 -90.452943 38.765491 -90.442328 38.77714
29189213202 -90.439556 38.724039 -90.433636 38.727783
29189213203 -90.420738 38.725288 -90.405699 38.73827
29189213204 -90.42201 38.714715 -90.407583 38.722751
29189213300 -90.382328 38.727917 -90.375234 38.738164
29189213400 -90.351141 38.727184 -90.349293 38.730415
29189213500 -90.344847 38.713977 -90.343632 38.715231
29189213600 -90.331454 38.712959 -90.327714 38.713545
29189213700 -90.310919 38.690467 -90.304655 38.707244
29189213800 -90.291998 38.687928 -90.281634 38.691479
29189213900 -90.295029 38.673565 -90.292865 38.674823
29189214100 -90.306945 38.676668 -90.303957 38.677826
29189214200 -90.32878 38.679541 -90.316017 38.690144
29189214300 -90.34505 38.690333 -90.339254 38.692232
29189214400 -90.361466 38.703452 -90.354234 38.706641
29189214500 -90.360189 38.690113 -90.348536 38.699319
29189214601 -90.383999 38.699045 -90.379338 38.701521
29189214602 -90.374516 38.694021 -90.370832 38.695209
29189214700 -90.377874 38.711325 -90.375882 38.714328
29189214800 -90.393172 38.726265 -90.390223 38.727376
29189214900 -90.400142 38.70763 -90.398514 38.708721
29189215001 -90.434604 38.705134 -90.43209 38.706676
29189215003 -90.439717 38.685953 -90.435859 38.688103
29189215004 -90.420335 38.684568 -90.415181 38.692406
29189215005 -90.418432 38.679395 -90.417622 38.681594
29189215102 -90.449866 38.676172 -90.44782 38.685547
29189215103 -90.46613 38.681793 -90.462745 38.686841
29189215105 -90.51751 38.689963 -90.49628 38.719056
29189215141 -90.49912 38.691936 -90.483095 38.706326
29189215142 -90.469478 38.699895 -90.463743 38.704576
29189215143 -90.49195 38.738956 -90.460679 38.76324
29189215144 -90.486177 38.720236 -90.461073 38.734721
29189215201 -90.471844 38.651852 -90.459729 38.655649
29189215202 -90.503983 38.655735 -90.479401 38.670725
29189215231 -90.517614 38.669295 -90.513422 38.672452
29189215232 -90.535105 38.651475 -90.522176 38.661881
29189215301 -90.423624 38.663237 -90.422002 38.664985
29189215302 -90.424816 38.640463 -90.415335 38.647483
29189215400 -90.381498 38.640694 -90.375487 38.650808
29189215500 -90.38983 38.665822 -90.379817 38.671959
29189215600 -90.388474 38.681639 -90.384254 38.682727
29189215700 -90.348662 38.674246 -90.345801 38.676973
29189215800 -90.349474 38.662061 -90.34669 38.662902
29189215900 -90.324806 38.670463 -90.32323 38.673044
29189216000 -90.306794 38.665731 -90.304471 38.666461
29189216100 -90.308885 38.656065 -90.305802 38.657553
29189216200 -90.324622 38.654319 -90.321992 38.656206
29189216300 -90.311006 38.642052 -90.309986 38.642771
29189216400 -90.329741 38.64215 -90.326989 38.642979
29189216500 -90.349393 38.645928 -90.341418 38.653333
29189216600 -90.354435 38.630815 -90.34843 38.639427
29189216700 -90.327748 38.629399 -90.322385 38.631888
29189216800 -90.317201 38.625368 -90.313286 38.62759
29189216900 -90.317291 38.616472 -90.315921 38.617496
29189217000 -90.33181 38.606821 -90.323785 38.609207
29189217200 -90.329686 38.617434 -90.326406 38.618628
29189217300 -90.341748 38.616794 -90.337238 38.620936
29189217400 -90.355737 38.621893 -90.352983 38.622808
29189217500 -90.393126 38.620387 -90.383434 38.625449
29189217600 -90.427544 38.611628 -90.415652 38.618617
29189217701 -90.478874 38.610476 -90.462446 38.627791
29189217702 -90.498874 38.611361 -90.485114 38.626366
29189217802 -90.525049 38.606323 -90.521105 38.608684
29189217806 -90.585907 38.592639 -90.569912 38.607458
29189217807 -90.550523 38.598316 -90.538591 38.604737
29189217841 -90.551494 38.637647 -90.540968 38.645054
29189217842 -90.535781 38.628756 -90.52775 38.63562
29189217851 -90.576964 38.626204 -90.566337 38.632589
29189217852 -90.566626 38.609466 -90.559801 38.624172
29189217921 -90.586506 38.552845 -90.573214 38.562115
29189217923 -90.557731 38.574722 -90.542792 38.582701
29189217931 -90.532705 38.579543 -90.530429 38.585206
29189217932 -90.54615 38.548756 -90.529467 38.56786
29189217941 -90.520052 38.575095 -90.510584 38.582583
29189217942 -90.517301 38.557121 -90.511039 38.560232
29189217943 -90.576507 38.58706 -90.572624 38.58831
29189217944 -90.574708 38.567759 -90.567112 38.578352
29189218003 -90.47404 38.570486 -90.469567 38.575018
29189218011 -90.487526 38.584348 -90.47102 38.595368
29189218012 -90.458444 38.590425 -90.456467 38.591532
29189218102 -90.503126 38.553067 -90.498484 38.554778
29189218103 -90.473217 38.558306 -90.46922 38.559676
29189218201 -90.434826 38.5722 -90.43332 38.574435
29189218300 -90.41615 38.574299 -90.41567 38.575935
29189218401 -90.43479 38.589975 -90.428003 38.595755
29189218402 -90.434521 38.582664 -90.417387 38.589219
29189218500 -90.400249 38.592886 -90.396968 38.593964
29189218600 -90.401948 38.574712 -90.398831 38.576989
29189218800 -90.386459 38.592602 -90.381838 38.593599
29189218900 -90.364105 38.605706 -90.358773 38.610772
29189219100 -90.342313 38.600386 -90.338159 38.601678
29189219200 -90.349569 38.591751 -90.347135 38.595038
29189219300 -90.369273 38.592912 -90.364898 38.595117
29189219400 -90.368002 38.576465 -90.36656 38.577262
29189219500 -90.34901 38.575125 -90.346619 38.578513
29189219600 -90.328858 38.585723 -90.327562 38.588139
29189219700 -90.333672 38.563357 -90.327026 38.56696
29189219800 -90.318624 38.564766 -90.311069 38.569517
29189219900 -90.308603 38.552104 -90.297663 38.558044
29189220001 -90.318031 38.541146 -90.313788 38.542146
29189220002 -90.323304 38.54839 -90.321974 38.552071
29189220100 -90.292183 38.538613 -90.288664 38.541684
29189220200 -90.277148 38.529629 -90.272219 38.53131
29189220300 -90.283581 38.503639 -90.280427 38.50477
29189220431 -90.333762 38.487138 -90.328955 38.498437
29189220432 -90.34504 38.470732 -90.329017 38.483358
29189220441 -90.314597 38.482697 -90.31096 38.484156
29189220442 -90.298931 38.471457 -90.283289 38.479564
29189220443 -90.320041 38.459412 -90.309659 38.467903
29189220444 -90.339724 38.412483 -90.327583 38.429094
29189220445 -90.313224 38.422699 -90.295015 38.449365
29189220446 -90.320814 38.428661 -90.315351 38.431173
29189220501 -90.294273 38.518313 -90.291106 38.520657
29189220502 -90.31031 38.501618 -90.303775 38.508583
29189220601 -90.341774 38.525598 -90.327519 38.529282
29189220602 -90.319627 38.518621 -90.317522 38.519948
29189220701 -90.347458 38.540075 -90.338315 38.549453
29189220702 -90.361423 38.529799 -90.349719 38.535776
29189220703 -90.372618 38.526903 -90.361382 38.536805
29189220801 -90.354633 38.551884 -90.350016 38.556275
29189220802 -90.374741 38.549706 -90.368667 38.554221
29189220803 -90.395958 38.544248 -90.388242 38.548045
29189221000 -90.396551 38.561806 -90.395665 38.562657
29189221100 -90.433887 38.555446 -90.418095 38.559712
29189221201 -90.421627 38.528881 -90.411957 38.541878
29189221202 -90.398487 38.509523 -90.389049 38.518715
29189221301 -90.360851 38.505869 -90.342855 38.516971
29189221302 -90.367023 38.491488 -90.361349 38.495775
29189221332 -90.373086 38.461541 -90.35405 38.480994
29189221335 -90.392332 38.468459 -90.384727 38.47246
29189221421 -90.564514 38.514026 -90.529704 38.530677
29189221422 -90.487335 38.524348 -90.479845 38.525823
29189221423 -90.455288 38.526964 -90.44649 38.530811
29189221424 -90.469019 38.508343 -90.461431 38.514488
29189221502 -90.679799 38.517587 -90.657396 38.530916
29189221503 -90.670527 38.478336 -90.662588 38.485478
29189221506 -90.614453 38.575306 -90.605033 38.582709
29189221621 -90.697105 38.599618 -90.694199 38.604007
29189221624 -90.611926 38.597509 -90.602224 38.605463
29189221625 -90.639285 38.582604 -90.624149 38.590094
29189221626 -90.6176 38.604807 -90.599687 38.619572
29189221627 -90.649576 38.630157 -90.621354 38.641718
29189221628 -90.615995 38.664881 -90.571733 38.681011
29189221629 -90.649869 38.650006 -90.627901 38.659522
29189221800 -90.381316 38.734234 -90.348769 38.758953
29189221900 -90.383693 38.568509 -90.379128 38.572399
29189222000 -90.406114 38.484284 -90.392986 38.492119
29189222100 -90.669689 38.556055 -90.642426 38.569332
29195090100 -93.0255 39.251067 -93.002352 39.265788
29195090200 -93.259265 39.210318 -93.218309 39.232755
29195090300 -93.221906 39.121448 -93.214707 39.130328
29195090400 -93.185434 39.122529 -93.165307 39.127089
29195090500 -93.19103 39.093719 -93.185946 39.100991
29195090600 -93.206331 39.108391 -93.20097 39.1157
29195090700 -93.41599 39.041724 -93.400613 39.067746
29195090800 -93.120236 39.067847 -93.10063 39.092165
29197470100 -92.45896 40.484025 -92.434651 40.504043
29197470200 -92.60599 40.452835 -92.56361 40.474809
29199480100 -92.153371 40.422497 -92.115639 40.45633
29199480200 -92.170474 40.454961 -92.169376 40.455776
29201780100 -89.518536 37.224313 -89.495265 37.240824
29201780200 -89.648138 37.172868 -89.626045 37.184493
29201780300 -89.716325 37.081884 -89.698609 37.096528
29201780400 -89.566137 36.954242 -89.534418 36.999947
29201780600 -89.538233 36.892018 -89.533508 36.92025
29201780700 -89.623269 36.873777 -89.599232 36.883926
29201781000 -89.5178 37.072502 -89.503874 37.105292
29201781100 -89.533032 37.156506 -89.504907 37.192581
29201781200 -89.591885 36.895491 -89.582226 36.898758
29201781300 -89.634074 36.890129 -89.603949 36.919838
29203470100 -91.409523 37.210407 -91.378606 37.245856
29203470200 -91.448479 36.947205 -91.422486 36.987718
29205450100 -92.004142 39.852305 -91.99327 39.86278
29205450200 -91.996244 39.710316 -91.967943 39.718044
29205450300 -92.233864 39.778942 -92.19463 39.799166
29207470100 -89.849391 37.025526 -89.821318 37.046261
29207470200 -90.133122 36.903476 -90.103894 36.934817
29207470300 -89.983996 36.879911 -89.964476 36.890699
29207470400 -89.825344 36.847486 -89.806956 36.862755
29207470500 -89.970267 36.801566 -89.968187 36.803637
29207470600 -89.96194 36.781957 -89.959193 36.784474
29207470700 -89.863151 36.68619 -89.809261 36.701373
29207470800 -90.064413 36.71022 -90.045876 36.724766
29209090100 -93.490241 36.893161 -93.454539 36.914703
29209090200 -93.527866 36.711941 -93.494832 36.730141
29209090400 -93.46285 36.545276 -93.434782 36.567088
29209090500 -93.435185 36.636283 -93.430786 36.640033
29209090601 -93.369759 36.64132 -93.355093 36.668263
29209090602 -93.375641 36.744922 -93.370718 36.750696
29211480100 -92.988725 40.21046 -92.972478 40.239703
29211480200 -93.263361 40.161753 -93.220142 40.199397
29211480300 -93.128259 40.210215 -93.118278 40.213463
29213480105 -93.288078 36.624365 -93.280145 36.62938
29213480106 -93.310802 36.651261 -93.265345 36.680135
29213480201 -93.260879 36.682337 -93.248883 36.700772
29213480202 -93.224904 36.738207 -93.193087 36.791706
29213480301 -93.163905 36.64471 -93.140114 36.666312
29213480302 -93.136313 36.549112 -93.053168 36.598584
29213480401 -93.0866 36.738808 -93.029652 36.76742
29213480402 -92.922358 36.640863 -92.858529 36.67194
29213480501 -93.285325 36.523235 -93.269078 36.535701
29213480502 -93.248957 36.569888 -93.209816 36.605498
29215480100 -92.024403 37.514716 -91.967417 37.535457
29215480200 -91.793317 37.245541 -91.779889 37.250397
29215480300 -92.124626 37.34138 -92.087574 37.367425
29215480400 -92.109869 37.139778 -92.079197 37.150899
29217950100 -94.193647 37.892215 -94.17714 37.900696
29217950200 -94.46869 37.940477 -94.448932 37.969769
29217950300 -94.371254 37.844762 -94.363763 37.851237
29217950400 -94.340561 37.82906 -94.327945 37.836672
29217950500 -94.513925 37.768172 -94.495309 37.783246
29217950600 -94.301293 37.664045 -94.290026 37.705705
29219820101 -91.209953 38.872833 -91.189458 38.896675
29219820102 -91.135707 38.780343 -91.111464 38.799687
29219820103 -91.016259 38.816 -90.998366 38.827307
29219820201 -91.030996 38.737814 -91.025912 38.743077
29219820202 -91.240126 38.674159 -91.190601 38.72844
29221460100 -90.758457 38.055034 -90.735896 38.069384
29221460200 -90.95636 38.048125 -90.936072 38.058354
29221460300 -90.779954 37.931392 -90.769994 37.938837
29221460400 -90.706303 37.888445 -90.695437 37.91141
29221460500 -90.908019 37.811109 -90.86158 37.837428
29223690100 -90.307382 37.143093 -90.274195 37.161767
29223690200 -90.51851 37.135244 -90.466217 37.188951
29223690300 -90.689181 37.169259 -90.687403 37.170334
29223690400 -90.596421 36.969813 -90.533672 37.022628
29225470101 -92.794439 37.352273 -92.763824 37.374249
29225470102 -93.00018 37.399217 -92.986037 37.414215
29225470201 -92.882122 37.284367 -92.857271 37.309973
29225470202 -92.948152 37.296647 -92.934556 37.308674
29225470301 -93.024872 37.146318 -93.015851 37.149206
29225470302 -92.881096 37.203843 -92.836803 37.23496
29225470401 -92.772775 37.105719 -92.745904 37.13482
29225470402 -92.915049 37.115789 -92.887731 37.145892
29227960100 -94.422444 40.474947 -94.413252 40.483718
29229490100 -92.443901 37.355996 -92.415327 37.371549
29229490200 -92.565685 37.235663 -92.514855 37.260756
29229490300 -92.516723 37.114422 -92.503051 37.121825
29229490400 -92.323822 37.089684 -92.304518 37.103079
29510101100 -90.275816 38.553502 -90.27179 38.555627
29510101200 -90.275984 38.561026 -90.273742 38.562653
29510101300 -90.26666 38.566441 -90.263813 38.56809
29510101400 -90.254807 38.561085 -90.252376 38.56332
29510101500 -90.265275 38.548254 -90.26374 38.548841
29510101800 -90.256157 38.543951 -90.250961 38.550014
29510102100 -90.307369 38.563698 -90.294152 38.575243
29510102200 -90.297874 38.57803 -90.293859 38.579407
29510102300 -90.290705 38.560143 -90.277165 38.567713
29510102400 -90.279422 38.575812 -90.277327 38.578062
29510102500 -90.277229 38.571588 -90.276044 38.572677
29510103100 -90.31216 38.587668 -90.309168 38.5894
29510103400 -90.303318 38.607407 -90.299767 38.608396
29510103600 -90.290413 38.615782 -90.289105 38.617468
29510103700 -90.293145 38.607727 -90.291778 38.608265
29510103800 -90.309766 38.597318 -90.308501 38.598386
29510104200 -90.30086 38.62764 -90.297211 38.629703
29510104500 -90.28395 38.625686 -90.280685 38.627574
29510105198 -90.300002 38.649169 -90.296927 38.64986
29510105200 -90.289301 38.649862 -90.284936 38.65129
29510105300 -90.290199 38.656504 -90.286203 38.658061
29510105400 -90.292242 38.664359 -90.288134 38.667153
29510105500 -90.278078 38.659093 -90.272222 38.66014
29510106100 -90.282213 38.667927 -90.280786 38.66947
29510106200 -90.282744 38.678131 -90.27235 38.683274
29510106300 -90.274609 38.677541 -90.269757 38.679836
29510106400 -90.261123 38.674866 -90.260025 38.675916
29510106500 -90.268951 38.668429 -90.265286 38.670574
29510106600 -90.269118 38.662368 -90.26542 38.663743
29510106700 -90.254279 38.665869 -90.24884 38.668846
29510107200 -90.254215 38.700267 -90.251393 38.701998
29510107300 -90.25561 38.706154 -90.252905 38.707624
29510107400 -90.252867 38.69428 -90.249791 38.696328
29510107500 -90.247824 38.689446 -90.244036 38.691905
29510107600 -90.245441 38.684123 -90.233377 38.688025
29510108100 -90.239894 38.706473 -90.236825 38.708104
29510108200 -90.240375 38.717874 -90.239586 38.719181
29510108300 -90.234786 38.722051 -90.230205 38.723515
29510109600 -90.217658 38.679658 -90.210361 38.684152
29510109700 -90.203429 38.674247 -90.201019 38.67657
29510110100 -90.24131 38.671039 -90.238594 38.673003
29510110200 -90.228734 38.671727 -90.227499 38.672544
29510110300 -90.234135 38.662032 -90.23173 38.665316
29510110400 -90.222724 38.657477 -90.220536 38.659498
29510110500 -90.218559 38.664537 -90.214178 38.666589
29510111100 -90.240361 38.646265 -90.235288 38.64887
29510111200 -90.251243 38.662582 -90.248969 38.664123
29510111300 -90.241092 38.65768 -90.237736 38.659689
29510111400 -90.232175 38.653681 -90.229588 38.655088
29510111500 -90.226695 38.649731 -90.224361 38.651273
29510112100 -90.288947 38.634887 -90.28172 38.640787
29510112200 -90.270277 38.65423 -90.266635 38.655392
29510112300 -90.258543 38.65394 -90.256872 38.655248
29510112400 -90.261496 38.644553 -90.260619 38.645452
29510113500 -90.274834 38.616785 -90.272496 38.617609
29510114101 -90.283222 38.592298 -90.279125 38.593145
29510114102 -90.300309 38.589175 -90.297274 38.589902
29510114200 -90.292378 38.598511 -90.284359 38.601953
29510114300 -90.287344 38.586017 -90.28432 38.586729
29510115100 -90.271763 38.584724 -90.26881 38.585754
29510115200 -90.269526 38.591777 -90.263469 38.593726
29510115300 -90.255981 38.577587 -90.25046 38.584154
29510115400 -90.263942 38.573905 -90.258915 38.576861
29510115500 -90.247494 38.571009 -90.245887 38.572588
29510115600 -90.236822 38.569079 -90.224397 38.578825
29510115700 -90.235742 38.580241 -90.23488 38.581666
29510116100 -90.256818 38.592151 -90.254112 38.59283
29510116200 -90.257896 38.603525 -90.255046 38.604289
29510116301 -90.246774 38.598211 -90.242865 38.599047
29510116302 -90.248277 38.589524 -90.246604 38.590124
29510116400 -90.239963 38.590813 -90.238766 38.591407
29510116500 -90.238432 38.598292 -90.235565 38.60131
29510117100 -90.26277 38.614376 -90.261348 38.615344
29510117200 -90.253983 38.613232 -90.25091 38.614286
29510117400 -90.239611 38.609293 -90.235868 38.610811
29510118100 -90.255272 38.622607 -90.252756 38.624114
29510118400 -90.228655 38.625575 -90.222557 38.630015
29510118600 -90.25312 38.631219 -90.248748 38.632852
29510119101 -90.25909 38.638273 -90.255223 38.639651
29510119102 -90.254218 38.640939 -90.25035 38.642424
29510119200 -90.248833 38.644779 -90.245393 38.646841
29510119300 -90.239879 38.638575 -90.235557 38.640791
29510120200 -90.209403 38.659404 -90.208316 38.660691
29510121100 -90.225402 38.635685 -90.223426 38.63651
29510121200 -90.222405 38.642885 -90.219924 38.643755
29510123100 -90.22639 38.610925 -90.224024 38.611665
29510123200 -90.214417 38.612468 -90.213231 38.613978
29510123300 -90.217616 38.605514 -90.216564 38.606127
29510124100 -90.232548 38.587134 -90.231124 38.588608
29510124200 -90.229158 38.597734 -90.227747 38.599195
29510124300 -90.221574 38.594936 -90.220345 38.595529
29510124600 -90.214294 38.587163 -90.211055 38.590241
29510125500 -90.203662 38.629036 -90.20188 38.630146
29510125600 -90.189419 38.626664 -90.187917 38.627714
29510125700 -90.191482 38.637709 -90.189811 38.639553
29510126600 -90.191364 38.64789 -90.189768 38.649009
29510126700 -90.194248 38.66196 -90.191672 38.663402
29510126800 -90.309013 38.613928 -90.305411 38.616853
29510126900 -90.261438 38.683875 -90.253358 38.686642
29510127000 -90.224287 38.703648 -90.219561 38.707527
29510127100 -90.211849 38.650151 -90.20975 38.650959
29510127200 -90.278633 38.603011 -90.275906 38.605935
29510127300 -90.239118 38.617369 -90.234015 38.620658
29510127400 -90.207964 38.619308 -90.204126 38.621015
29510127500 -90.211263 38.637219 -90.209073 38.639565
29510127600 -90.200396 38.603134 -90.198633 38.604623
